# 4
fw=1.2e-07 sa=1.4e-07 sb=1.4e-07 sca=3.69959 scb=0.00013007 scc=4.39142e-09 
fw=1.2e-07 sa=1.4e-07 sb=1.4e-07 sca=120.692 scb=0.0668324 scc=0.0140227 
fw=1.2e-07 sa=1.4e-07 sb=1.4e-07 sca=102.402 scb=0.043482 scc=0.0113766 
$This is end of the device boxl file$
