# 4
fw=1.2e-07 sa=1.4e-07 sb=3.45e-07 sca=125.222 scb=0.0727692 scc=0.0141076 
fw=2.4e-07 sa=1.4e-07 sb=2.45e-07 sca=5.13215 scb=0.00119239 scc=2.71899e-06 
fw=2.4e-07 sa=2.45e-07 sb=1.4e-07 sca=5.13215 scb=0.00119239 scc=2.71899e-06 
$This is end of the device boxl file$
